demo/data/zhenqiwang_gfs.js
{"header": {"discipline":0,"disciplineName":"Meteorologicalproducts","gribEdition":2,"gribLength":84577,"center":7,"centerName":"USNationalWeatherService-NCEP(WMC)","subcenter":0,"refTime":"2019-07-01T00:00:00.000Z","significanceOfRT":1,"significanceOfRTName":"Startofforecast","productStatus":0,"productStatusName":"Operationalproducts","productType":1,"productTypeName":"Forecastproducts","productDefinitionTemplate":0,"productDefinitionTemplateName":"Analysis/forecastathorizontallevel/layeratapointintime","parameterCategory":2,"parameterCategoryName":"Momentum","parameterNumber":3,"parameterNumberName":"V-component_of_wind","parameterUnit":"m.s-1","genProcessType":2,"genProcessTypeName":"Forecast","forecastTime":9,"surface1Type":103,"surface1TypeName":"Specifiedheightlevelaboveground","surface1Value":10.0,"surface2Type":255,"surface2TypeName":"Missing","surface2Value":0.0,"gridDefinitionTemplate":0,"gridDefinitionTemplateName":"Latitude_Longitude","numberPoints":56265,"shape":6,"shapeName":"Earthsphericalwithradiusof6,371,229.0m","gridUnits":"degrees","resolution":48,"winds":"true","scanMode":64,"nx":341,"ny":165,"basicAngle":0,"lo1":62.0,"la1":15.0,"lo2":147.0,"la2":56.0,"dx":0.25,"dy":0.25}, "data":
[rows 26 to 51 of 165, columns 59 to 117 of 341]
-1.601128,-1.3311279,-0.82112795,-2.471128,-4.931128,-3.8611279,-4.201128,-4.0011277,-1.131128,0.9588721,1.988872,2.8788722,1.618872,2.458872,3.178872,3.3788722,0.20887206,-0.58112794,2.588872,3.278872,1.128872,-0.5311279,1.8288721,1.9288721,1.2188721,2.088872,0.8288721,1.3288721,1.2288721,1.748872,0.11887207,-0.8711279,-0.38112792,-0.29112792,-0.82112795,-2.471128,-2.201128,0.97887206,0.05887207,-1.0711279,0.33887208,0.5088721,0.65887207,1.0388721,2.068872,3.1488721,3.278872,4.2688723,4.448872,3.828872,4.0188723,5.348872,7.058872,7.828872,8.368872,9.2788725,10.038872,12.118872,12.748872
-2.221128,-3.021128,-2.531128,-2.821128,-3.561128,-3.941128,-4.191128,-4.261128,-4.951128,-3.691128,-1.2111279,1.0988721,2.698872,4.368872,1.0888721,-0.7211279,-2.1111279,-2.551128,-3.8811278,-7.781128,-2.791128,-1.471128,0.15887207,-0.44112793,-0.14112793,0.43887207,2.068872,1.4588721,0.49887207,0.16887207,-0.6011279,0.34887207,-0.0011279297,-0.88112795,-2.1211278,-3.3611279,-3.921128,-3.961128,-1.8211279,-1.6611279,0.00887207,0.55887204,0.92887205,1.4088721,1.758872,2.4088721,2.268872,2.788872,2.838872,2.9088721,4.108872,5.408872,7.7688723,8.938872,9.078872,9.838872,10.668872,11.858872,12.618872
0.018872071,-0.46112794,-1.0411279,-1.6911279,-2.731128,-3.8711278,-4.091128,-3.721128,-4.191128,-4.791128,-5.331128,-5.331128,-5.121128,-4.081128,-3.1311278,-2.331128,-2.211128,-2.951128,0.73887205,3.558872,1.0988721,2.948872,-0.8511279,-2.551128,-1.9211279,-0.9711279,1.0388721,-1.111128,-0.40112793,0.00887207,0.48887208,0.33887208,-0.51112795,-2.241128,-2.271128,-2.931128,-3.1111279,-3.3711278,-2.021128,-1.261128,-1.4111279,1.0388721,2.068872,2.268872,3.318872,3.278872,2.998872,3.0988722,2.418872,2.028872,2.938872,4.858872,5.678872,7.988872,7.7688723,9.848872,10.348872,11.788872,13.668872
1.398872,1.4488721,1.388872,1.0588721,0.85887206,-0.52112794,-1.971128,-3.781128,-4.901128,-4.871128,-5.141128,-4.801128,-4.5011277,-3.9011278,-2.991128,-2.3511279,-2.221128,-1.1511279,-3.8611279,0.12887207,1.5388721,-2.6411278,-1.7011279,-3.8511279,-2.951128,-0.64112794,-0.5311279,-1.121128,0.09887207,1.2888721,1.0488721,0.66887206,0.31887206,-0.8011279,-1.261128,-2.051128,-2.1111279,-1.8011279,-1.5711279,-1.111128,-0.9811279,-0.6111279,1.518872,2.478872,2.3688722,2.8688722,3.458872,3.9088721,2.5988722,1.5688721,3.438872,4.868872,3.8888721,5.7688723,6.778872,8.198872,9.338872,11.708872,12.808872
-1.9411279,0.61887205,2.0988722,1.6688721,2.1188722,2.278872,-0.11112793,-1.5611279,-2.041128,-2.801128,-3.281128,-3.731128,-3.741128,-3.421128,-3.071128,-2.501128,-3.031128,-1.5211279,-2.661128,-2.661128,-1.3411279,-3.241128,-1.471128,-0.30112794,-1.6611279,-2.1511278,3.3488722,4.568872,3.678872,2.078872,1.8288721,0.9488721,0.60887206,0.78887206,0.11887207,-1.471128,-1.871128,-1.971128,-1.7011279,-0.02112793,0.43887207,0.7588721,0.27887207,1.4788721,1.898872,2.058872,2.168872,2.338872,2.948872,2.968872,2.6588721,2.538872,3.318872,5.108872,6.118872,6.968872,8.238873,10.728872,11.378872
-3.231128,-3.461128,-2.311128,-0.14112793,-0.59112793,-0.19112793,0.7788721,1.778872,1.1988721,0.34887207,0.11887207,-0.7311279,-1.9611279,-1.981128,-2.031128,-2.431128,-2.671128,-2.521128,-1.5711279,-3.421128,-3.0911279,-0.51112795,-0.39112794,-0.5611279,-0.24112792,-0.50112796,1.5388721,2.188872,2.778872,3.498872,2.1388721,-0.39112794,-0.11112793,-0.33112794,-0.07112793,0.14887208,0.47887206,-1.1911279,-1.5811279,-0.31112793,1.898872,4.238872,4.118872,2.568872,2.748872,1.5388721,1.7288721,2.038872,2.068872,2.268872,2.448872,2.978872,3.468872,4.2688723,5.458872,6.388872,8.068872,8.7788725,9.838872
-2.8911278,-3.001128,-3.061128,-2.8811278,-2.8611279,-2.6311278,-2.071128,-0.8711279,1.4088721,2.1188722,-0.07112793,-0.96112794,-1.121128,-1.0211279,-1.001128,-1.6711279,-2.441128,-3.161128,-3.731128,-3.6111279,-2.831128,-2.991128,-1.9311279,-3.571128,-2.721128,-2.271128,-1.9511279,-0.58112794,-1.381128,-0.94112796,-1.241128,-0.41112792,1.2088721,0.04887207,-0.51112795,-1.7711279,-1.851128,-0.38112792,0.67887205,0.99887204,0.85887206,1.3088721,1.4288721,0.5288721,2.228872,3.328872,2.168872,2.4088721,2.178872,2.218872,2.8588722,3.928872,4.2488723,4.338872,5.678872,6.758872,7.838872,8.098872,7.278872
-2.6511278,-2.771128,-3.481128,-3.571128,-3.1011279,-2.671128,-2.671128,-3.3911278,-3.3811278,-3.661128,-3.301128,-2.8911278,-2.441128,-1.891128,-1.511128,-1.8311279,-2.681128,-3.071128,-3.231128,-4.221128,-4.131128,-2.471128,-1.641128,-3.031128,-2.731128,-3.501128,-5.911128,-2.9011278,-1.3411279,-2.8611279,-4.5011277,-3.491128,-3.201128,-3.021128,-1.2011279,-1.111128,-1.3011279,-1.491128,-0.6011279,-0.7311279,-1.4211279,-1.731128,-1.131128,-1.351128,-1.6711279,-0.15112793,2.288872,2.9088721,2.258872,2.178872,3.3588722,4.328872,5.418872,5.758872,5.638872,8.098872,7.868872,7.878872,7.258872
-3.5911279,-4.471128,-4.551128,-3.951128,-3.9011278,-3.241128,-3.8711278,-4.861128,-5.031128,-3.8811278,-2.711128,-3.301128,-4.651128,-4.541128,-2.801128,-1.371128,-0.9811279,-1.1911279,-2.431128,-3.241128,-2.771128,-3.8411279,-3.981128,-2.421128,-2.3911278,-2.1311278,-3.661128,-3.251128,-3.211128,-0.01112793,0.92887205,0.13887207,-0.8611279,-1.5711279,-2.511128,-0.31112793,-0.13112792,-1.2011279,-1.3111279,-1.2811279,-1.3311279,-2.1411278,-1.9311279,-1.8311279,-2.3611279,-2.551128,-1.9211279,-0.35112792,2.3688722,3.3888721,3.758872,5.068872,6.078872,6.308872,6.878872,6.7288723,6.438872,7.238872,6.868872
-1.881128,-1.3011279,-1.631128,-2.691128,-2.421128,-2.3911278,-3.011128,-3.8411279,-3.671128,-3.331128,-2.951128,-2.161128,-2.281128,-2.971128,-3.721128,-2.951128,-2.8711278,-2.431128,-1.9011279,-2.1511278,-1.871128,-0.08112793,-0.17112793,-1.9211279,-2.6311278,-0.18112794,3.4088721,-0.6611279,-3.291128,0.31887206,1.888872,-0.71112794,-0.8711279,-0.9811279,-2.521128,-1.141128,-0.65112793,-0.47112793,-0.75112796,-1.3011279,-1.131128,-1.2011279,-1.891128,-1.721128,-0.8111279,-1.0811279,-0.7911279,-0.30112794,0.40887207,2.458872,3.828872,4.4788723,5.048872,6.218872,7.388872,6.508872,7.0188723,7.0188723,5.528872
-1.5611279,-0.9311279,0.02887207,-0.39112794,-0.83112794,-1.391128,-2.1411278,-1.861128,-1.381128,-2.681128,-2.6011279,-2.5911279,-2.6011279,-2.831128,-3.6511278,-2.671128,-1.8411279,-2.481128,-0.88112795,-2.041128,-1.481128,-0.9711279,-0.24112792,-0.95112795,-1.381128,-2.041128,-1.8411279,-2.261128,-3.051128,-2.461128,-1.011128,-1.8111279,-1.631128,-1.9211279,-2.521128,-2.711128,-1.3211279,-0.19112793,0.018872071,-0.25112793,-0.05112793,0.42887208,0.10887207,0.20887206,-0.38112792,-0.10112793,-0.04112793,0.28887206,0.38887206,1.388872,2.6488721,3.268872,3.968872,5.0188723,5.548872,6.258872,6.7888722,6.848872,6.338872
-2.231128,-2.931128,-1.881128,-1.851128,-3.331128,-4.2711277,-2.791128,-0.88112795,-2.821128,-2.531128,-2.8411279,-3.1311278,-3.3511279,-3.6011279,-3.701128,-3.191128,-1.1711279,-3.731128,-2.321128,-1.5211279,-4.171128,-5.151128,-3.6011279,-1.9211279,0.12887207,1.3488721,-2.021128,-2.021128,-2.021128,-1.7711279,-3.021128,-2.6311278,-0.6111279,-1.2811279,-1.7911279,-2.281128,-2.451128,-1.391128,0.22887208,0.27887207,-0.7811279,0.00887207,0.21887207,0.38887206,1.008872,1.128872,0.33887208,-0.11112793,1.018872,1.4488721,1.878872,2.6188722,3.288872,3.6588721,4.048872,5.078872,5.438872,5.198872,5.328872
-3.8511279,-3.231128,-3.241128,-3.971128,-3.321128,-2.511128,-2.491128,-2.941128,-3.8411279,-3.1311278,-4.111128,-4.201128,-3.411128,-3.231128,-3.551128,-4.111128,0.5288721,1.8288721,-0.89112794,-2.251128,-0.27112794,1.028872,-1.7711279,-1.6611279,0.13887207,1.528872,0.5288721,-0.7411279,-1.981128,-2.281128,-3.031128,-2.461128,-1.4411279,-0.9311279,-1.121128,-1.5911279,-1.631128,-1.7711279,-1.481128,-0.24112792,-0.16112792,0.5188721,0.48887208,0.16887207,0.46887207,1.0388721,0.44887206,0.37887207,0.73887205,0.6988721,1.3288721,2.068872,1.9788721,3.038872,3.8888721,4.298872,4.778872,5.078872,4.798872
-3.001128,-3.451128,-3.741128,-3.721128,-3.731128,-3.711128,-4.331128,-3.3811278,-2.6311278,-3.701128,-3.941128,-4.201128,-3.541128,-3.171128,-2.8711278,-3.8711278,-3.281128,-0.5611279,-0.89112794,-2.501128,-0.5411279,-1.9211279,-3.311128,-1.0611279,-1.3111279,-0.21112794,0.8788721,-1.3011279,-1.5311279,-0.39112794,-0.58112794,-1.0311279,-1.111128,-1.261128,-0.51112795,-1.141128,-1.3111279,-1.0911279,-1.6611279,-0.40112793,0.46887207,0.00887207,0.5788721,1.3488721,1.7088721,1.4288721,1.898872,1.988872,1.4088721,1.4388721,1.778872,1.278872,0.86887205,1.768872,2.448872,3.278872,4.5388722,5.388872,5.758872
-5.531128,-5.361128,-3.771128,-3.001128,-3.681128,-3.3511279,-3.551128,-3.8511279,-3.6311278,-3.501128,-4.191128,-4.5211277,-3.421128,-2.6011279,-2.821128,-4.371128,-3.251128,-3.721128,-3.981128,-2.521128,-1.9511279,-2.1311278,-1.971128,-1.4511279,-1.2111279,-2.281128,-2.311128,-1.641128,-0.59112793,0.9388721,0.21887207,-1.511128,-1.0811279,-1.4511279,-1.621128,-1.4211279,-2.321128,-2.0911279,-1.0611279,-0.95112795,-0.32112792,-0.01112793,0.33887208,0.40887207,0.6288721,1.278872,0.84887207,-0.16112792,-0.01112793,0.41887206,0.55887204,1.4688721,2.928872,3.3888721,4.028872,4.358872,4.278872,3.478872,2.698872
-4.031128,-4.781128,-4.421128,-3.531128,-3.171128,-3.671128,-3.781128,-3.171128,-3.081128,-3.691128,-4.241128,-4.341128,-3.981128,-2.771128,-3.3811278,-2.171128,-2.971128,-1.2111279,-0.7811279,-0.5411279,-0.5311279,0.7188721,1.2088721,0.09887207,-0.82112795,-0.64112794,-0.06112793,0.5188721,0.31887206,0.9688721,1.9288721,-0.94112796,-1.8411279,-1.861128,-1.481128,-1.2111279,-2.411128,-1.8211279,-0.6611279,-0.06112793,0.34887207,-0.03112793,-0.94112796,-0.63112795,0.5288721,0.74887204,0.04887207,0.31887206,0.60887206,0.41887206,0.8988721,1.8288721,2.248872,1.4788721,1.388872,1.9488721,1.7288721,1.2988721,0.5288721
-0.69112796,-2.8911278,-3.3411279,-5.0011277,-5.561128,-4.551128,-3.551128,-2.981128,-2.8711278,-3.731128,-3.921128,-3.551128,-3.1511278,-1.611128,-2.3611279,0.40887207,-2.8711278,-2.731128,-1.5711279,-1.7911279,-0.7211279,-0.7311279,0.44887206,-1.891128,-1.981128,-0.07112793,0.73887205,-1.141128,-1.391128,-0.47112793,0.9388721,1.0588721,0.28887206,0.21887207,0.22887208,-0.18112794,0.59887207,-0.30112794,-1.001128,-0.33112794,-0.29112792,-0.5411279,-0.39112794,-0.36112794,-0.23112793,-0.32112792,-0.17112793,-0.6711279,-1.3411279,-0.22112793,0.45887208,1.378872,1.4688721,1.8488721,1.278872,1.0488721,1.138872,1.4388721,1.4788721
2.998872,0.21887207,-1.381128,-2.771128,-3.8911278,-4.761128,-4.031128,-3.3811278,-3.321128,-3.491128,-3.251128,-2.661128,-2.3711278,-1.9211279,-2.021128,-2.8611279,-2.3911278,-2.821128,-1.351128,-1.351128,-1.2111279,-1.4011279,-1.481128,-2.3411279,-1.2711279,-1.2011279,-0.43112794,0.42887208,-0.36112794,-1.0711279,-2.691128,-1.511128,2.038872,1.618872,0.48887208,0.73887205,1.2988721,-0.43112794,-0.8511279,-0.13112792,0.46887207,0.7188721,1.0888721,1.0588721,-0.16112792,-0.7311279,-0.0011279297,-0.18112794,-0.36112794,0.5088721,0.98887205,-0.14112793,0.39887208,0.9488721,-0.04112793,0.7188721,0.9388721,0.54887205,-0.16112792
0.14887208,-1.641128,-4.041128,-4.821128,-4.781128,-5.511128,-5.411128,-3.771128,-3.571128,-3.291128,-2.6011279,-2.1511278,-2.421128,-2.551128,-1.631128,-2.231128,-2.031128,-1.9111279,-1.011128,-1.4311279,-1.3211279,-1.471128,-1.0211279,0.24887207,-0.48112792,-0.5611279,0.018872071,0.55887204,0.28887206,-1.381128,-2.011128,0.36887208,1.3288721,2.958872,2.048872,0.80887204,0.25887206,0.7688721,2.078872,2.078872,1.5588721,1.108872,0.28887206,-0.07112793,0.12887207,0.00887207,-0.30112794,0.18887207,0.8888721,0.09887207,-0.35112792,-0.02112793,0.91887206,0.73887205,1.358872,1.4088721,2.468872,1.0888721,-2.441128
-2.481128,-2.941128,-3.8611279,-4.4611278,-3.6511278,-3.8511279,-3.971128,-3.931128,-3.6211278,-3.041128,-2.411128,-1.3211279,-1.1511279,-2.511128,-2.4011278,-1.361128,-1.1611279,-1.361128,-0.59112793,-1.4211279,0.07887207,1.648872,0.37887207,-0.90112793,-0.47112793,0.28887206,-0.21112794,-0.09112793,1.6988721,1.5688721,1.2988721,3.018872,1.258872,1.738872,1.9088721,1.008872,0.85887206,1.768872,1.4788721,0.48887208,-0.25112793,-0.08112793,0.05887207,-0.39112794,-0.63112795,-0.29112792,-0.03112793,0.5088721,1.1788721,0.16887207,-0.5311279,-0.08112793,0.90887207,1.3088721,0.65887207,0.49887207,0.20887206,-1.4611279,-2.271128
-2.321128,-3.3511279,-4.621128,-4.2311277,-2.1411278,-1.4011279,-1.491128,-3.221128,-3.6211278,-3.3611279,-3.001128,-1.891128,-1.4211279,-2.311128,-2.211128,-2.241128,-2.491128,-2.171128,-0.08112793,-0.01112793,-1.6711279,1.0688721,1.5388721,0.34887207,1.4788721,0.97887206,0.27887207,0.28887206,0.49887207,4.308872,3.698872,0.6488721,0.34887207,0.9588721,0.86887205,0.99887204,0.90887207,0.53887206,0.5888721,0.74887204,0.60887206,-0.36112794,-0.41112792,-0.6011279,-0.6711279,-0.71112794,-0.21112794,0.10887207,-0.05112793,0.07887207,0.9588721,1.368872,0.7588721,0.25887206,-0.75112796,-0.7811279,-0.44112793,-1.371128,-1.391128
-2.051128,-3.6211278,-4.361128,-3.021128,-3.191128,-3.511128,-3.691128,-3.1511278,-3.741128,-2.6411278,-2.821128,-3.241128,-2.6211278,-1.6911279,-1.761128,-1.511128,-2.161128,-1.851128,-0.52112794,-0.27112794,-2.181128,-2.201128,1.488872,1.498872,2.558872,2.028872,1.2988721,0.34887207,-0.15112793,0.13887207,0.65887207,0.8888721,1.028872,0.92887205,0.99887204,1.1888721,1.138872,1.0388721,0.5188721,0.8388721,0.41887206,0.8788721,1.5888721,0.8288721,0.8888721,0.30887207,0.36887208,-0.03112793,0.9588721,1.128872,1.4088721,1.388872,1.9388721,1.5788721,1.398872,1.7988721,1.638872,1.4588721,1.7288721
-2.191128,-3.261128,-3.081128,-3.001128,-3.261128,-3.6411278,-3.5911279,-3.291128,-3.061128,-1.491128,-1.8011279,-1.7711279,-1.851128,-2.3711278,-2.501128,-0.5511279,-1.0611279,-1.8011279,-0.15112793,-0.7911279,-1.251128,-1.5211279,-0.22112793,1.0688721,1.878872,2.448872,1.9488721,1.358872,1.5888721,0.80887204,0.99887204,1.368872,1.398872,1.0388721,1.4488721,2.188872,2.828872,2.538872,2.3988721,1.9788721,2.268872,2.438872,2.298872,2.498872,2.278872,0.9388721,2.268872,1.9588721,1.5388721,0.5088721,0.60887206,1.018872,3.198872,1.9788721,1.518872,1.2188721,0.8288721,1.7088721,2.048872
-2.511128,-2.421128,-3.321128,-3.911128,-3.551128,-2.781128,-3.3411279,-3.8611279,-2.3811278,-0.58112794,-0.6011279,-2.701128,-2.481128,-1.5211279,-1.851128,-1.881128,-0.38112792,0.17887206,0.08887207,0.47887206,1.2088721,0.46887207,0.92887205,2.678872,2.1388721,2.438872,2.528872,1.9388721,0.8288721,0.5188721,0.30887207,0.9488721,2.498872,2.018872,2.518872,2.458872,3.048872,2.478872,2.298872,2.3488722,1.9288721,1.508872,2.978872,1.738872,2.448872,0.10887207,1.628872,2.068872,1.2088721,1.0488721,1.608872,2.038872,2.728872,3.418872,1.898872,1.8488721,1.5788721,1.6688721,2.948872
-3.011128,-3.8611279,-5.661128,-4.851128,-4.451128,-3.041128,-3.531128,-3.8911278,-2.6111279,-0.19112793,1.3388721,-0.06112793,-0.6011279,-0.51112795,-1.131128,-2.171128,-1.4611279,-0.27112794,0.16887207,2.3788722,3.0988722,2.428872,2.6388721,2.8788722,1.148872,1.5788721,1.8088721,0.99887204,2.048872,1.3188721,1.748872,0.99887204,2.4088721,2.008872,1.7888721,2.1288722,2.778872,2.088872,1.5488721,1.778872,1.768872,0.90887207,2.3788722,1.278872,1.858872,0.84887207,2.458872,2.1588721,0.5288721,2.0988722,2.788872,2.1488721,2.068872,3.6388721,1.9488721,2.6188722,2.1588721,2.588872,3.728872
-3.1411278,-3.311128,-3.5911279,-3.261128,-3.801128,-3.261128,-3.531128,-3.931128,-2.3411279,-1.9311279,-3.0911279,-1.351128,-0.02112793,-0.82112795,-1.621128,-1.881128,-1.4611279,-0.08112793,-0.11112793,1.2888721,1.4288721,2.748872,3.948872,3.088872,3.3988721,2.8888721,2.4088721,2.458872,2.588872,1.9388721,2.0988722,1.888872,0.86887205,1.388872,1.758872,0.9388721,1.6988721,1.738872,0.85887206,2.3688722,2.688872,3.308872,3.928872,2.1288722,3.508872,1.7988721,2.268872,3.468872,2.768872,3.278872,3.738872,1.9788721,3.478872,3.508872,1.378872,2.478872,1.8388721,2.218872,3.1288722
