demo/data/zhenqiwang_gfs.js
{"header": {"discipline":0,"disciplineName":"Meteorologicalproducts","gribEdition":2,"gribLength":84577,"center":7,"centerName":"USNationalWeatherService-NCEP(WMC)","subcenter":0,"refTime":"2019-07-01T00:00:00.000Z","significanceOfRT":1,"significanceOfRTName":"Startofforecast","productStatus":0,"productStatusName":"Operationalproducts","productType":1,"productTypeName":"Forecastproducts","productDefinitionTemplate":0,"productDefinitionTemplateName":"Analysis/forecastathorizontallevel/layeratapointintime","parameterCategory":2,"parameterCategoryName":"Momentum","parameterNumber":3,"parameterNumberName":"V-component_of_wind","parameterUnit":"m.s-1","genProcessType":2,"genProcessTypeName":"Forecast","forecastTime":9,"surface1Type":103,"surface1TypeName":"Specifiedheightlevelaboveground","surface1Value":10.0,"surface2Type":255,"surface2TypeName":"Missing","surface2Value":0.0,"gridDefinitionTemplate":0,"gridDefinitionTemplateName":"Latitude_Longitude","numberPoints":56265,"shape":6,"shapeName":"Earthsphericalwithradiusof6,371,229.0m","gridUnits":"degrees","resolution":48,"winds":"true","scanMode":64,"nx":341,"ny":165,"basicAngle":0,"lo1":62.0,"la1":15.0,"lo2":147.0,"la2":56.0,"dx":0.25,"dy":0.25}, "data":
[rows 52 to 77 of 165, columns 236 to 294 of 341]
-1.231128,-1.2111279,-1.611128,-0.7911279,2.178872,3.1188722,3.198872,3.3688722,3.228872,3.188872,3.278872,3.248872,3.0988722,3.048872,3.1188722,3.328872,3.588872,3.958872,4.548872,4.848872,4.948872,5.118872,5.368872,5.888872,6.338872,6.488872,6.438872,5.628872,4.638872,6.4988723,6.928872,6.598872,5.618872,5.058872,5.298872,5.7688723,6.048872,6.318872,6.548872,6.598872,6.588872,6.598872,6.628872,6.698872,6.738872,6.658872,6.468872,6.178872,5.858872,5.658872,5.598872,5.448872,5.2288723,5.098872,5.088872,4.988872,4.818872,4.628872,4.458872
-0.30112794,-0.31112793,-1.4611279,-1.7111279,-0.01112793,1.368872,1.9788721,2.508872,2.738872,2.708872,2.798872,2.958872,3.078872,2.968872,2.8588722,2.988872,3.278872,3.568872,3.828872,4.378872,4.7488723,4.908872,4.838872,4.9788723,5.5388722,5.9788723,6.048872,5.7288723,4.7288723,6.148872,6.828872,6.9988723,6.378872,6.0188723,4.528872,5.878872,6.188872,6.318872,6.468872,6.558872,6.638872,6.718872,6.668872,6.678872,6.7288723,6.738872,6.608872,6.418872,6.178872,5.908872,5.698872,5.488872,5.318872,5.158872,5.0388722,4.948872,4.778872,4.618872,4.468872
0.10887207,-0.5411279,-1.6911279,-2.161128,-1.7111279,-0.9211279,-0.01112793,0.9488721,1.8088721,2.288872,2.458872,2.578872,2.758872,2.968872,2.938872,2.798872,2.818872,3.048872,3.6488721,4.278872,4.708872,5.168872,5.428872,5.2888722,5.188872,5.2888722,5.2688723,5.548872,4.528872,5.558872,6.218872,6.808872,6.488872,7.178872,4.618872,6.408872,6.058872,6.408872,6.678872,6.7888722,6.808872,6.858872,6.848872,6.7888722,6.7688723,6.758872,6.688872,6.558872,6.428872,6.278872,6.108872,5.888872,5.778872,5.598872,5.238872,4.958872,4.778872,4.608872,4.4788723
-0.12112793,-0.19112793,-1.601128,-2.4011278,-2.1011279,-1.9111279,-1.471128,-0.57112795,0.55887204,1.7888721,2.478872,2.758872,2.828872,2.9088721,3.058872,2.948872,2.588872,2.3588722,2.318872,2.778872,3.448872,3.798872,4.848872,5.7488723,5.988872,6.068872,5.738872,5.488872,4.808872,5.188872,5.818872,6.318872,6.108872,7.298872,5.658872,8.238873,7.308872,6.758872,6.898872,7.0388722,7.0188723,7.0388722,7.138872,7.128872,7.028872,6.958872,6.878872,6.758872,6.588872,6.378872,6.238872,6.118872,5.988872,5.818872,5.5388722,5.198872,4.9988723,4.828872,4.678872
0.44887206,-0.6811279,-0.38112792,-1.4311279,-2.751128,-2.671128,-2.211128,-1.5611279,-0.75112796,0.65887207,2.198872,3.058872,3.318872,3.298872,3.258872,3.268872,3.208872,2.8888721,2.308872,1.898872,1.998872,2.548872,2.748872,3.478872,5.068872,6.098872,6.548872,6.558872,5.798872,5.258872,5.608872,5.7888722,6.138872,6.098872,5.928872,6.138872,8.198872,8.258872,7.638872,7.2688723,7.0388722,6.828872,6.738872,6.708872,6.608872,6.608872,6.658872,6.7288723,6.738872,6.668872,6.4988723,6.2888722,5.968872,5.658872,5.438872,5.218872,5.108872,5.0388722,4.908872
0.42887208,0.14887208,0.8988721,-0.24112792,-2.921128,-3.061128,-2.521128,-1.4211279,-0.5611279,-0.19112793,0.9588721,2.488872,3.3488722,3.558872,3.508872,3.3988721,3.3688722,3.3588722,3.1388721,2.748872,2.3588722,2.248872,2.568872,2.688872,2.938872,3.918872,5.068872,6.088872,6.798872,6.698872,6.438872,6.318872,5.9988723,5.628872,5.178872,5.258872,6.128872,6.908872,7.688872,7.708872,7.338872,7.058872,6.858872,6.718872,6.5388722,6.348872,6.2488723,6.2688723,6.318872,6.358872,6.2688723,6.058872,5.838872,5.638872,5.488872,5.328872,5.168872,5.148872,5.148872
-0.8611279,-1.2011279,-1.991128,-1.0711279,-3.581128,-3.6211278,-3.1011279,-1.8011279,-0.0011279297,0.9588721,0.8388721,1.628872,2.818872,3.488872,3.6188722,3.558872,3.508872,3.428872,3.3988721,3.338872,3.178872,2.838872,2.508872,2.548872,2.788872,3.1488721,3.698872,4.348872,5.088872,5.898872,6.218872,6.398872,6.738872,6.7688723,6.198872,5.548872,5.608872,6.358872,6.5188723,6.598872,6.838872,6.898872,6.678872,6.488872,6.488872,6.488872,6.458872,6.368872,6.298872,6.188872,6.088872,5.958872,5.928872,5.9788723,5.938872,5.838872,5.668872,5.508872,5.438872
-1.0411279,-1.501128,-2.971128,-2.081128,-4.2111278,-4.691128,-4.0211277,-2.5911279,-1.101128,0.8788721,1.278872,1.118872,1.778872,2.938872,3.798872,3.808872,3.698872,3.778872,3.8588722,3.798872,3.798872,3.798872,3.528872,3.168872,2.6488721,2.708872,3.288872,3.748872,4.158872,4.608872,5.178872,5.608872,5.868872,6.2488723,6.308872,5.858872,5.408872,5.818872,6.548872,7.0388722,7.118872,7.278872,7.198872,6.988872,6.848872,6.818872,6.898872,6.9988723,7.078872,6.988872,6.7288723,6.588872,6.558872,6.5388722,6.508872,6.428872,6.388872,6.208872,5.968872
-0.6111279,-0.07112793,-1.471128,-3.1011279,-4.511128,-4.621128,-4.851128,-2.531128,-1.511128,-0.6811279,-0.47112793,-0.7311279,-0.64112794,1.0888721,2.078872,2.5988722,2.928872,2.788872,2.788872,3.078872,3.328872,3.4088721,3.458872,3.438872,3.328872,2.828872,3.018872,3.298872,3.568872,3.8688722,4.238872,4.698872,5.208872,5.468872,5.668872,5.598872,5.138872,4.278872,3.978872,5.4788723,6.808872,7.208872,7.368872,7.548872,7.508872,7.258872,7.078872,7.028872,6.9788723,7.008872,7.0388722,7.048872,7.0188723,6.958872,6.9788723,6.868872,6.7888722,6.738872,6.528872
-0.5511279,-0.04112793,-1.391128,-3.0911279,-4.631128,-5.621128,-5.151128,-3.681128,-2.8811278,-3.281128,-3.931128,-4.631128,-4.681128,-3.701128,-2.8911278,-2.231128,-1.9311279,-1.6511279,-1.3411279,-1.101128,-0.24112792,1.008872,1.9588721,2.1488721,2.038872,1.9788721,2.058872,2.3488722,2.488872,2.948872,3.418872,3.6388721,4.058872,4.4988723,4.838872,5.088872,5.188872,4.328872,0.5688721,7.388872,6.618872,6.708872,6.588872,6.858872,7.158872,7.128872,6.948872,6.898872,6.848872,6.718872,6.848872,6.9988723,7.088872,7.168872,7.198872,7.308872,7.348872,7.338872,7.298872
0.25887206,-0.34112793,-1.761128,-2.721128,-3.5911279,-4.411128,-4.4811277,-4.031128,-3.541128,-3.721128,-4.651128,-5.551128,-5.831128,-5.391128,-4.941128,-5.091128,-5.831128,-5.941128,-5.821128,-5.7511277,-5.291128,-4.591128,-3.411128,-2.1311278,-1.491128,-1.111128,-0.8711279,-0.41112792,0.07887207,0.9388721,1.9188721,1.618872,1.6688721,2.058872,2.4088721,2.968872,3.8488722,5.558872,6.368872,1.028872,1.4188721,4.388872,4.638872,6.258872,6.648872,6.738872,6.828872,6.718872,6.528872,6.598872,7.008872,7.2888722,7.008872,6.9788723,7.128872,7.218872,7.318872,7.2688723,7.2688723
1.898872,1.1588721,-1.011128,-2.6211278,-3.211128,-3.201128,-3.241128,-2.961128,-2.681128,-3.1111279,-3.931128,-4.701128,-5.561128,-5.9811277,-5.7511277,-5.621128,-6.091128,-7.0011277,-7.671128,-7.351128,-7.131128,-7.641128,-6.441128,-4.721128,-2.771128,-1.2011279,-0.7811279,0.65887207,1.008872,0.8788721,1.508872,2.018872,2.218872,2.3888721,2.288872,2.208872,2.298872,2.838872,4.4788723,3.278872,0.08887207,-1.0211279,-0.43112794,3.768872,4.348872,4.348872,5.368872,5.948872,6.628872,6.7488723,7.178872,7.738872,7.758872,7.468872,7.428872,7.4988723,7.5188723,7.468872,7.198872
3.278872,0.49887207,-1.3111279,-1.9411279,-2.731128,-2.661128,-2.0911279,-1.4411279,-1.361128,-1.251128,-1.5311279,-2.411128,-2.8811278,-3.161128,-4.281128,-5.321128,-6.191128,-7.651128,-8.261127,-7.901128,-7.2311277,-7.451128,-8.101128,-6.2711277,-5.941128,-4.061128,-2.3411279,-1.4311279,-0.5311279,-0.20112793,-0.13112792,0.13887207,0.8388721,1.868872,2.768872,3.238872,3.3488722,2.8888721,1.9288721,0.72887206,0.12887207,1.5888721,1.6788721,0.45887208,0.17887206,0.22887208,2.468872,3.538872,4.358872,5.408872,6.198872,6.918872,7.2488723,7.4788723,7.808872,7.7288723,7.5388722,7.818872,7.7488723
-1.741128,-2.501128,-1.251128,-1.1811279,-1.7811279,-2.001128,-1.7011279,-0.96112794,-0.06112793,0.8188721,0.7688721,0.08887207,-0.35112792,-0.71112794,-1.231128,-2.411128,-4.291128,-6.2311277,-6.791128,-7.051128,-7.111128,-7.571128,-8.111128,-7.881128,-7.831128,-6.631128,-5.9611278,-4.691128,-3.541128,-2.521128,-1.851128,-1.881128,-2.171128,-2.061128,-1.101128,0.5088721,2.3488722,2.258872,1.9288721,3.188872,0.80887204,0.59887207,1.4788721,1.648872,1.6788721,1.3088721,0.67887205,0.61887205,0.92887205,1.6788721,2.3688722,3.548872,4.9988723,6.0188723,6.588872,6.7888722,6.988872,7.108872,7.238872
-1.2811279,-0.7911279,-0.34112793,-0.31112793,-0.83112794,-1.4211279,-1.3011279,-0.7411279,-0.02112793,1.2888721,2.328872,2.268872,1.778872,1.2888721,1.1888721,0.53887206,-1.0711279,-2.181128,-3.291128,-4.161128,-5.051128,-5.861128,-6.621128,-7.331128,-6.921128,-6.951128,-6.541128,-5.451128,-3.921128,-3.071128,-2.791128,-2.761128,-3.311128,-4.121128,-4.041128,-3.921128,-3.241128,-0.01112793,1.2988721,1.5588721,1.5588721,0.8288721,0.53887206,0.74887204,1.0488721,1.4688721,1.8188721,2.288872,2.338872,1.858872,1.4788721,0.84887207,0.92887205,1.8188721,3.058872,4.588872,5.698872,6.2688723,6.488872
0.02887207,0.09887207,0.41887206,0.97887206,1.278872,0.29887208,-0.16112792,0.018872071,0.13887207,0.48887208,2.1488721,3.238872,2.768872,2.1488721,1.988872,1.9288721,1.4188721,0.80887204,-0.16112792,-1.0311279,-2.1111279,-2.931128,-3.581128,-4.491128,-4.921128,-4.941128,-5.2111278,-5.2511277,-5.2511277,-4.511128,-3.421128,-2.721128,-2.481128,-2.941128,-3.6311278,-4.301128,-5.101128,-1.361128,0.7088721,0.8188721,1.0488721,0.46887207,0.8888721,-0.21112794,-0.5311279,-0.6211279,-0.15112793,0.55887204,1.508872,2.6488721,3.0988722,2.718872,2.4088721,2.168872,1.738872,1.4788721,1.9688721,3.208872,4.548872
0.018872071,0.84887207,2.088872,2.9088721,2.738872,2.418872,1.5488721,0.98887205,0.65887207,1.138872,1.9288721,3.288872,4.488872,3.668872,2.738872,2.188872,2.338872,2.1588721,1.8288721,1.9588721,1.3488721,0.5188721,-0.39112794,-1.131128,-2.251128,-2.671128,-2.9011278,-3.051128,-3.3611279,-4.721128,-5.161128,-4.511128,-3.711128,-3.231128,-3.3511279,-3.511128,-3.3611279,-2.6311278,-0.5511279,0.07887207,0.22887208,-0.07112793,0.9588721,-0.31112793,-0.63112795,-0.77112794,-1.0811279,-0.95112795,-0.82112795,-0.30112794,0.7088721,1.8288721,2.6188722,3.1088722,3.478872,3.208872,2.468872,1.3388721,1.6988721
1.2888721,1.6888721,2.8888721,3.548872,4.2888722,4.458872,3.988872,3.708872,3.578872,2.708872,2.578872,3.1088722,4.548872,5.4788723,4.868872,3.538872,3.048872,3.0988722,2.998872,3.048872,2.708872,2.288872,1.5488721,0.84887207,0.32887208,0.19887207,0.47887206,-0.0011279297,-1.0911279,-2.1011279,-3.6011279,-4.9811277,-4.901128,-3.781128,-3.731128,-3.8411279,-1.3411279,-2.721128,-0.7811279,-0.6611279,-0.7911279,-0.10112793,-0.21112794,-1.4411279,-2.331128,-1.5611279,-1.2811279,-1.1811279,-0.42112792,0.23887207,0.48887208,0.7088721,1.0588721,1.618872,1.9688721,2.3888721,2.808872,2.328872,1.008872
1.3188721,2.338872,2.468872,3.168872,5.238872,6.318872,6.2288723,5.668872,4.818872,4.328872,4.158872,3.998872,4.408872,5.668872,6.128872,5.818872,4.9788723,4.158872,3.788872,3.758872,3.288872,2.948872,2.5988722,2.008872,1.358872,1.1688721,1.358872,0.8388721,0.07887207,0.22887208,0.04887207,-1.731128,-3.9011278,-4.081128,-3.271128,-3.6311278,-2.501128,-1.361128,-2.471128,-0.0011279297,0.37887207,-0.13112792,-0.34112793,-0.8511279,-2.211128,-1.7711279,-1.9011279,-2.931128,-1.761128,0.14887208,1.5788721,1.8388721,2.078872,2.048872,1.6788721,0.97887206,0.5188721,0.44887206,0.44887206
3.338872,2.8788722,2.838872,2.258872,1.888872,2.6588721,3.8788722,4.428872,4.678872,4.618872,4.868872,5.208872,4.858872,4.378872,4.208872,5.418872,6.968872,6.988872,5.688872,4.758872,4.418872,4.558872,4.278872,3.5988722,2.558872,1.6888721,1.4588721,0.72887206,0.6488721,0.7088721,0.35887206,-0.26112792,-0.45112792,-2.731128,-3.751128,-2.6411278,-1.1511279,-1.6711279,-2.1311278,-0.5411279,0.18887207,-0.38112792,-0.09112793,0.23887207,0.99887204,0.5688721,0.08887207,-1.1911279,0.25887206,2.1288722,1.8488721,1.0388721,1.2988721,1.8388721,2.278872,2.588872,2.548872,2.188872,1.268872
4.328872,3.828872,3.938872,3.418872,2.498872,2.228872,2.6288722,3.168872,3.448872,3.268872,3.058872,3.288872,4.088872,4.888872,5.368872,5.968872,6.958872,7.588872,7.7288723,7.008872,5.9988723,4.718872,4.208872,4.688872,4.898872,4.068872,2.578872,2.038872,1.9388721,1.998872,1.648872,1.6888721,0.85887206,-0.12112793,-2.0911279,-2.3511279,-1.5211279,-2.9011278,-1.891128,-0.77112794,0.42887208,-0.03112793,0.10887207,0.17887206,0.30887207,0.09887207,-0.59112793,0.42887208,0.27887207,3.1488721,2.918872,2.438872,1.3088721,0.7188721,1.4588721,2.808872,3.268872,3.438872,3.038872
4.218872,4.438872,4.898872,4.758872,4.158872,3.8588722,3.758872,4.008872,4.238872,4.348872,3.768872,3.328872,3.6288722,4.378872,5.428872,5.958872,5.9788723,6.188872,6.528872,7.348872,7.418872,4.668872,2.548872,3.478872,5.458872,5.428872,4.408872,3.8888721,3.718872,3.4088721,3.6188722,3.3588722,2.8988721,1.998872,1.5788721,-0.22112793,-0.5511279,-1.241128,-1.3011279,-0.89112794,-1.011128,0.30887207,-0.40112793,-1.111128,0.05887207,0.90887207,-0.31112793,-0.63112795,0.00887207,2.578872,3.1388721,1.9688721,-0.06112793,0.5088721,1.738872,2.488872,2.798872,2.938872,2.1488721
6.708872,5.808872,5.588872,5.438872,5.078872,4.908872,4.758872,4.718872,4.7888722,4.778872,4.628872,4.218872,3.828872,4.168872,5.0388722,5.778872,5.758872,5.848872,6.238872,7.218872,8.908872,6.4988723,2.1088722,3.798872,6.008872,5.858872,6.108872,6.198872,5.888872,5.308872,4.968872,4.7688723,4.4988723,3.768872,3.278872,3.468872,1.3188721,0.8788721,1.518872,0.28887206,0.04887207,-0.57112795,-1.3211279,-3.541128,-0.9311279,2.218872,0.09887207,-0.44112793,-0.9111279,-0.45112792,0.67887205,0.40887207,-0.07112793,0.10887207,1.7188721,3.008872,2.768872,0.85887206,-1.0811279
6.118872,5.898872,5.118872,5.2888722,4.9988723,4.5388722,4.068872,3.6488721,3.468872,3.6288722,4.198872,4.758872,4.878872,4.678872,4.618872,4.848872,5.328872,5.938872,6.968872,7.648872,8.328872,7.238872,3.168872,1.528872,6.988872,6.868872,6.668872,7.048872,7.168872,7.278872,6.958872,6.648872,6.568872,6.548872,5.138872,4.5188723,3.238872,2.298872,1.9188721,1.9288721,2.308872,-0.16112792,-2.6211278,-3.021128,-1.3011279,1.488872,1.388872,-0.58112794,0.10887207,-1.0911279,-1.8011279,-1.9111279,-1.6611279,-0.8611279,-0.27112794,2.168872,2.968872,1.108872,0.48887208
3.418872,3.318872,2.988872,3.6088722,3.768872,3.468872,3.1488721,2.748872,2.448872,2.558872,3.038872,3.568872,4.138872,4.4988723,4.618872,4.568872,4.558872,5.088872,5.828872,6.558872,7.068872,5.718872,2.918872,0.20887206,5.598872,7.218872,6.988872,6.4788723,6.468872,6.7688723,8.058872,8.608872,8.078872,7.218872,7.088872,6.808872,5.2488723,3.518872,2.9088721,2.258872,0.55887204,0.29887208,0.17887206,0.38887206,0.5688721,2.3888721,3.238872,2.578872,1.0888721,-0.9111279,0.25887206,-0.96112794,-0.65112793,-0.36112794,-0.36112794,3.068872,3.938872,1.0688721,-0.32112792
1.5588721,2.228872,2.578872,3.008872,3.168872,2.978872,2.698872,2.6488721,2.518872,2.338872,2.448872,2.568872,2.838872,3.4088721,3.818872,3.728872,3.8688722,4.008872,4.338872,4.808872,4.838872,4.2888722,2.558872,1.258872,2.478872,7.618872,7.168872,6.398872,6.188872,6.108872,5.408872,5.2688723,5.678872,3.748872,7.648872,8.138872,7.108872,4.9988723,3.578872,3.3488722,2.1288722,1.498872,0.8288721,0.80887204,0.90887207,1.6588721,2.748872,1.118872,2.6188722,0.34887207,-0.5311279,1.0688721,1.2988721,0.61887205,-0.82112795,2.068872,3.698872,0.7588721,0.018872071
