demo/data/zhenqiwang_gfs.js
{"header": {"discipline":0,"disciplineName":"Meteorologicalproducts","gribEdition":2,"gribLength":84577,"center":7,"centerName":"USNationalWeatherService-NCEP(WMC)","subcenter":0,"refTime":"2019-07-01T00:00:00.000Z","significanceOfRT":1,"significanceOfRTName":"Startofforecast","productStatus":0,"productStatusName":"Operationalproducts","productType":1,"productTypeName":"Forecastproducts","productDefinitionTemplate":0,"productDefinitionTemplateName":"Analysis/forecastathorizontallevel/layeratapointintime","parameterCategory":2,"parameterCategoryName":"Momentum","parameterNumber":2,"parameterNumberName":"U-component_of_wind","parameterUnit":"m.s-1","genProcessType":2,"genProcessTypeName":"Forecast","forecastTime":9,"surface1Type":103,"surface1TypeName":"Specifiedheightlevelaboveground","surface1Value":10.0,"surface2Type":255,"surface2TypeName":"Missing","surface2Value":0.0,"gridDefinitionTemplate":0,"gridDefinitionTemplateName":"Latitude_Longitude","numberPoints":56265,"shape":6,"shapeName":"Earthsphericalwithradiusof6,371,229.0m","gridUnits":"degrees","resolution":48,"winds":"true","scanMode":64,"nx":341,"ny":165,"basicAngle":0,"lo1":62.0,"la1":15.0,"lo2":147.0,"la2":56.0,"dx":0.25,"dy":0.25}, "data":
[rows 78 to 103 of 165, columns 114 to 170 of 341]
7.1109767,9.710977,8.270977,2.2109766,-4.3690233,-5.0190234,-6.4790235,-5.1490235,-3.7990234,-5.2990236,-6.239023,-5.4390235,-3.3990235,-2.8190234,-3.1290236,-2.2590234,-1.9390235,-1.6390234,-0.35902345,0.07097656,-0.97902346,0.29097655,0.8509766,-1.3990234,-3.5090234,-4.1990232,-3.0890234,-2.4590235,-2.8290234,-2.8890235,-2.3590233,-4.0890236,-3.3090234,-3.5290234,-4.9290233,-3.8590233,-2.3090234,-0.7590234,0.81097656,-0.87902343,-2.6990235,-2.0090234,-1.3190235,-1.5990235,-1.3790234,-2.9990234,-3.6190233,-5.0290236,-5.0590234,-5.2490234,-3.3890235,-2.5890234,-1.9690235,-2.4090235,-1.6190234,-1.3090234,-2.1290236
1.5409765,8.070976,5.0009766,-5.1290236,-3.0290234,-4.2290235,-9.209023,-8.319023,-7.739023,-6.0990233,-5.5190234,-5.5190234,-5.3590236,-5.4390235,-5.2290235,-3.2490234,-1.2490234,-1.6390234,-0.34902343,-2.4590235,-1.3490235,-1.6990235,-3.2490234,-4.469023,-4.5990233,-4.5790234,-4.1790233,-3.1590235,-3.9390235,-3.2790234,-3.6690235,-3.6090233,-3.7390234,-3.2790234,-3.2490234,-2.3690233,-1.8690234,-0.8990234,-1.5890235,-1.6390234,-1.5790235,-1.3090234,-0.86902344,1.1109766,9.765625E-4,-2.9390235,-3.4390235,-4.9090233,-5.3890233,-4.5590234,-3.9990234,-2.7590234,-2.1290236,-1.3690234,-1.5690235,-2.4090235,-2.9090235
-7.4090233,-4.1590233,-7.1890235,-7.0090237,-4.969023,-2.5490234,-6.719023,-11.539023,-9.949023,-6.6490235,-7.1490235,-7.9490232,-7.3590236,-7.4490232,-7.0390234,-5.7890234,-5.3990235,-4.8090234,-4.5190234,-3.2890234,-4.6290236,-4.1890235,-3.2590234,-3.8190234,-4.5090237,-4.8790236,-4.9790235,-4.5590234,-4.6790233,-2.7690234,-3.1790235,-3.5590234,-3.3290234,-2.4290235,-2.2390234,-2.7890234,-2.0690234,-2.3390234,-2.0690234,-1.3090234,-1.2090235,0.9209766,-0.06902344,1.7009766,-3.2490234,-5.3390236,-4.1090236,-2.7490234,-2.2190235,-2.2490234,-2.1590235,-2.1290236,-1.4390235,-0.48902345,-1.8390235,-3.1890235,-4.8590236
-8.399023,-5.0890236,-7.1290236,-7.5790234,-4.4590235,-4.3190236,-5.9290233,-8.569023,-7.4990234,-6.5790234,-7.2090235,-6.6490235,-5.8290234,-5.2690234,-5.4390235,-4.6790233,-4.2890234,-4.6690235,-4.2790236,-3.8690233,-3.6990235,-2.8890235,-2.7890234,-2.7190235,-2.5490234,-3.7690234,-5.1890235,-5.0390234,-4.0190234,-1.3790234,-2.1090233,-2.9490235,-3.0590234,-0.37902343,-2.5390234,-3.1490235,-1.6490234,-0.10902344,0.34097657,-0.7590234,0.95097655,-0.32902345,0.29097655,1.3009765,-1.7390234,-3.0090234,-2.2390234,-2.0790234,-2.3990235,-1.8490235,-1.6190234,-2.0490234,-2.4490235,-3.5590234,-5.0990233,-5.7990236,-4.5790234
-8.189023,-7.2290235,-6.1490235,-7.0190234,-8.439023,-8.379024,-8.819023,-7.1290236,-5.4990234,-4.3290234,-3.3390234,-2.7090235,-4.3490233,-4.2690234,-4.2490234,-4.4390235,-2.6090233,-1.7590234,-1.7390234,-2.0790234,-2.8290234,-2.1790235,-1.6690234,-2.0590234,-2.9090235,-2.9290235,-3.1990235,-2.4590235,-1.9990234,-1.4590235,-1.1990235,-1.2890234,-0.6490234,0.26097655,-3.6290236,-3.7690234,-1.2190235,1.5509765,1.8509766,1.0609765,-1.0490234,-1.2790234,-1.2990234,-1.2290235,-1.4290234,-2.5390234,-1.3290235,-1.1190234,-2.0290234,-2.6990235,-2.2190235,-3.3190234,-4.9290233,-4.5090237,-4.5490236,-4.8290234,-3.7490234
-5.9590235,-7.6090236,-6.1190233,-3.9890234,-4.7090235,-4.8290234,-5.1190233,-4.3390236,-1.8990234,0.33097658,-1.6590234,-2.1790235,-1.3390235,-0.6990234,-2.4490235,-3.3690233,-2.8590233,-0.73902345,0.34097657,-1.8390235,-1.5090234,-1.4390235,-2.7590234,-0.53902346,-0.21902344,-1.4090234,-1.5490234,-2.3990235,-1.2590234,-1.6790234,-0.32902345,2.0609765,2.1109765,2.4709766,-2.2690234,-3.9190235,-2.2090235,2.4509766,2.0909765,0.050976563,-1.7790234,-2.2390234,-3.4890234,-3.1290236,-3.3490233,-3.3990235,-2.2390234,-2.7590234,-3.3490233,-2.8390234,-3.2890234,-2.6990235,-2.8590233,-2.3690233,-2.6690235,-4.0890236,-3.1190233
-4.1290236,-4.3690233,-4.5390234,-3.5490234,-2.8390234,-3.2690234,-4.0890236,-2.6390235,0.20097657,0.52097654,-3.0690234,-3.7390234,-2.2990234,-1.4190234,-0.98902345,-2.0090234,-1.9490235,-0.5290234,-0.84902346,-1.0090234,-0.13902344,-1.1790234,-0.32902345,-2.1590235,-1.8890234,-1.3090234,-0.6990234,-1.2890234,0.95097655,1.1409765,3.0609765,3.1109765,2.8709764,1.2409766,-2.3790236,-3.7090235,-1.3290235,1.9709766,2.8909767,-0.90902346,-1.8490235,-3.0290234,-4.1090236,-3.8590233,-4.2990236,-3.4290235,-2.3790236,-2.7890234,-3.5090234,-2.6490235,-2.2090235,-1.4190234,-1.6090235,-3.1490235,-3.8590233,-3.4690235,-3.1790235
-4.0090237,-7.7090235,-9.039023,-6.4190235,-3.0790234,-2.0790234,-3.2290235,-1.7190235,-3.0390234,-4.3890233,-3.1890235,-3.7090235,-2.7390234,-2.1990235,-1.9490235,-1.5490234,-1.8590235,-0.54902345,-0.6990234,1.9909766,0.77097654,-0.039023437,-0.5790234,-0.35902345,0.100976564,-1.1990235,-1.0190234,2.3009765,1.8509766,0.9209766,0.87097657,1.0509765,0.59097654,-1.4190234,-3.0090234,-2.8290234,-1.8190235,1.2409766,1.4609766,-1.8490235,-1.1290234,-1.5290234,-2.5390234,-2.4390235,-3.3190234,-2.3390234,-1.7990234,-2.4690235,-4.8090234,-4.1390233,-2.9490235,-1.2690234,-2.7890234,-3.6790235,-2.3690233,-2.9090235,-3.8290234
-1.7790234,-4.8990235,-5.4290233,-5.239023,-3.9290235,-4.5790234,-3.9490235,-1.4390235,-1.4590235,-2.4490235,-4.5790234,-3.1690235,-2.4090235,-3.5990233,-3.3590233,-0.93902344,0.19097656,0.88097656,1.7309766,2.7209766,2.8109765,2.7109766,1.9309765,2.4409766,0.37097657,0.7409766,-1.9390235,0.34097657,1.2509766,0.64097655,0.42097655,0.43097657,-1.3490235,-1.5990235,-2.5490234,-1.9190234,-1.2290235,-1.2590234,-2.0590234,-0.5290234,-0.9590234,9.765625E-4,-1.6590234,-3.0890234,-3.4190235,-4.7590237,-6.3990235,-6.239023,-5.1290236,-4.0190234,-2.9090235,-2.4290235,-2.1090233,-1.8290235,-3.7190235,-4.6090236,-3.4490235
-4.469023,-4.8690233,-6.2990236,-6.5590234,-5.3090234,-4.7790236,-4.719023,-3.8190234,-2.7590234,-2.0890234,-1.2190235,-1.5390234,-2.6690235,-2.7490234,-2.2490234,-1.5090234,-0.68902344,-0.39902344,-1.1890235,1.6009766,3.3409765,2.9109766,-0.23902343,-0.99902344,-0.8990234,-0.84902346,0.26097655,0.70097655,1.3509766,1.3009765,-0.059023436,0.8609766,0.04097656,-0.84902346,-0.62902343,-0.27902344,-1.7490234,-2.2890234,-1.4190234,-0.23902343,-0.34902343,1.0609765,-3.9890234,-3.3190234,-2.6390235,-3.9890234,-3.5190234,-2.7190235,-2.4690235,-1.9690235,-3.5590234,-2.0690234,-1.6290234,-3.7390234,-4.8190236,-3.9390235,-2.6390235
-8.469024,-8.109023,-7.0490236,-4.6990232,-3.9590235,-3.1090233,-1.0590234,-0.6990234,-1.4890234,-0.96902347,-1.2790234,-2.2790234,-1.9090234,-0.39902344,-0.04902344,-0.039023437,0.93097657,0.88097656,-0.16902344,1.9309765,1.4609766,0.88097656,-1.2490234,0.35097656,-0.60902345,0.82097656,0.030976562,-0.44902343,0.16097656,0.8509766,1.3309766,1.8809766,0.06097656,-0.8390234,-2.2590234,-2.4890234,1.9609766,-0.19902344,-0.7090234,-0.20902343,0.8609766,-1.3990234,-4.8490233,-2.2290235,-0.17902344,0.08097656,-0.29902345,-1.8490235,0.12097656,-1.7890234,-2.2690234,-1.3690234,-2.1790235,-3.7090235,-3.6490235,-2.9390235,-1.1290234
-4.3790236,-3.8890235,-3.7290235,-2.9190235,-2.0590234,-0.91902345,0.6009766,0.31097656,-1.0590234,-1.8290235,-1.2690234,-0.74902344,0.08097656,1.2509766,1.2409766,1.4409766,1.5409765,1.3409766,1.6309766,2.1309767,0.81097656,-1.1090235,-1.8490235,1.0709766,0.78097653,0.90097654,0.71097654,1.5509765,1.4909766,1.1609765,1.7109766,0.17097656,-0.7590234,-0.78902346,-1.1790234,-1.2190235,-3.2190235,-3.5190234,-1.2990234,-0.29902345,2.0009766,0.04097656,-2.5890234,-1.4090234,-0.8990234,-1.9590235,-2.0690234,-0.9490234,1.7509766,-0.06902344,-0.119023435,-0.44902343,-2.1790235,-4.3290234,-3.9290235,-2.5690234,-1.7890234
-3.8790236,-4.3990235,-4.4790235,-3.6690235,-2.9990234,-2.1190233,-1.1290234,-0.90902346,0.41097656,-0.079023436,1.0309765,2.0209765,2.4409766,2.0609765,1.4609766,1.5309765,0.58097655,2.2809765,2.4709766,2.2409766,2.7009766,1.3309766,-0.18902344,0.58097655,1.2909765,1.6109766,0.25097656,-0.8290234,-0.45902345,2.6209764,0.30097657,0.31097656,-0.059023436,1.4009765,1.9909766,-0.25902343,-1.5890235,-2.4590235,-2.2990234,-1.9890234,-2.1890235,-1.5490234,-2.2290235,-0.85902345,-0.67902344,-1.8790234,-1.9990234,0.6109766,4.6709766,2.4309766,-0.7690234,-1.9090234,-4.4290233,-6.0690236,-3.2790234,-1.7990234,-2.9690235
-3.7790234,-4.5990233,-4.719023,-4.4290233,-3.7990234,-1.6290234,-0.079023436,0.75097656,1.8309766,2.0809765,0.14097656,1.5209765,2.0409765,0.48097655,1.0809766,1.5009766,2.1809766,2.9609766,2.5709765,1.6009766,2.3409765,-1.5590234,0.090976566,2.3209765,2.2509766,1.8609766,1.5209765,1.0409765,1.2609766,1.9609766,1.2309766,0.07097656,-0.44902343,1.8709766,0.56097656,-2.2190235,-1.6590234,-2.8890235,-4.0990233,-6.1690235,-4.5890236,-3.9590235,-3.2290235,-1.8090234,-3.1490235,-2.9990234,-3.3590233,-3.7990234,-2.0690234,-1.5790235,-0.06902344,-4.1690235,-7.989023,-5.719023,-2.3990235,-3.0490234,-3.4090235
-6.8590236,-6.2690234,-5.4790235,-4.8090234,-4.1690235,-2.6390235,-1.2890234,0.6109766,1.8309766,-0.09902344,-1.6590234,-0.28902343,1.5809766,0.36097658,0.7209766,1.1909766,2.2509766,0.83097655,1.1109766,-1.7090235,-2.1890235,-0.45902345,0.48097655,-0.5190234,0.21097656,2.4809766,-0.06902344,-1.4990234,-0.15902343,0.33097658,2.4109766,3.7909765,1.6909766,0.44097656,-0.91902345,-2.3490233,-3.9790235,-3.9990234,-4.1190233,-4.9590235,-4.1690235,-4.3390236,-5.5090237,-4.6790233,-4.5690236,-4.2890234,-4.0890236,-4.0590234,-3.0590234,-1.8690234,-7.7690234,-7.9190235,-6.2290235,-4.219023,-3.0490234,-3.3090234,-3.0190234
-5.7990236,-5.1790233,-4.6090236,-4.2990236,-2.6490235,-1.4290234,-2.2990234,-1.6890235,-0.8290234,0.07097656,0.69097656,-1.0090234,-0.56902343,-0.7790234,-2.4890234,-2.6590235,0.06097656,0.31097656,-2.3090234,-2.7890234,-2.6490235,-1.8290235,-0.019023437,0.46097657,0.87097657,-0.019023437,0.19097656,-0.09902344,-0.59902346,2.0609765,3.4809766,1.7109766,0.87097657,-0.5290234,-3.0890234,-0.24902344,-1.5590234,-1.9290234,-1.6290234,-1.9990234,-2.4490235,-2.3990235,-4.4290233,-5.6290236,-5.9190235,-5.4290233,-4.8990235,-4.5890236,-3.9890234,-3.9990234,-5.7490234,-5.1590233,-4.6590233,-3.4790235,-2.6190233,-1.9890234,-2.4390235
-3.9590235,-4.0590234,-4.469023,-4.3890233,-2.6290236,-2.0190234,-2.0190234,-1.4390235,-0.19902344,0.35097656,2.9109766,0.83097655,-3.8090234,-2.9490235,-3.0890234,-2.5790234,-0.33902344,-0.72902346,-1.5690235,-0.29902345,-0.33902344,0.25097656,1.3509766,-0.6490234,-0.6390234,2.0209765,3.4209766,1.9009765,-1.8390235,-1.2490234,0.50097656,-0.5290234,0.53097653,-1.4990234,-3.3690233,-2.8690233,-2.8790236,-2.4090235,-3.0590234,-4.1690235,-3.1990235,-1.9190234,-4.969023,-5.6590233,-5.739023,-5.6090236,-5.4090233,-4.739023,-4.3690233,-5.1990232,-5.3790236,-4.6890235,-3.5690234,-2.5090234,-1.9890234,-2.6090233,-3.3390234
-3.2090235,-4.4290233,-4.2890234,-3.1490235,-2.8590233,-2.5890234,-2.1290236,-1.4690235,-0.67902344,1.4309765,1.6309766,-2.6990235,-4.3290234,-6.7290235,-3.6090233,1.3509766,9.765625E-4,-0.46902344,-1.5190234,-0.24902344,1.5009766,-0.25902343,-0.7590234,1.4809766,3.0809765,3.6509767,2.9009767,0.87097657,-0.039023437,-0.16902344,2.2309766,0.32097656,-2.5690234,-2.6690235,-1.1490234,-1.6390234,-2.3490233,-3.2790234,-3.5390234,-3.8690233,-4.1490235,-4.6490235,-6.4290233,-6.8390236,-6.1390233,-5.6790233,-4.8790236,-3.6090233,-4.4790235,-5.239023,-4.489023,-3.7890234,-2.9590235,-2.0190234,-1.3590235,-1.8190235,-2.1090233
-1.4690235,-1.5390234,-0.8390234,-0.48902345,-0.009023437,-0.06902344,-0.26902345,-1.0290234,-1.3790234,0.50097656,-0.29902345,0.39097655,-0.37902343,-4.0190234,-3.7190235,-0.80902344,-2.2990234,-0.5890234,-0.67902344,-0.59902346,-0.55902344,0.14097656,1.1309766,3.2909765,4.3509765,1.7309766,0.21097656,1.6809765,1.5409765,0.010976562,1.3809766,-2.3790236,-2.7390234,-1.9490235,-0.5190234,-1.6290234,-2.5490234,-5.0890236,-3.2590234,-2.5790234,-4.7590237,-4.8790236,-7.219023,-6.7990236,-5.969023,-5.1390233,-4.3790236,-3.9990234,-3.7290235,-2.9390235,-2.9890234,-3.3490233,-3.1290236,-2.3390234,-2.2990234,-1.8490235,-2.6990235
1.0109766,0.9709766,0.27097657,1.2109766,2.5809765,3.1709766,3.9709766,1.7609766,-1.2290235,0.15097657,-1.3490235,-0.36902344,-1.6890235,-0.38902342,0.21097656,-0.32902345,-1.8190235,-1.8390235,-1.2290235,1.0209765,1.9609766,-2.4190235,-1.1990235,2.0609765,-0.21902344,-1.1390234,1.6509765,2.2309766,-0.15902343,-0.42902344,-0.25902343,-2.0090234,-1.8590235,-1.6690234,-2.5290234,-4.1290236,-5.4590235,-5.7890234,-4.6790233,-5.9990234,-7.0990233,-6.4290233,-5.6890235,-4.9590235,-4.2890234,-4.3990235,-4.7490234,-4.5790234,-3.7490234,-3.1290236,-2.7490234,-3.0290234,-3.8590233,-3.6390235,-3.3890235,-3.8790236,-4.4390235
3.3709764,4.9409766,3.9209766,3.0709765,3.0709765,4.1109767,4.7409763,3.0009766,-0.22902344,0.6609766,-0.009023437,-0.7090234,-1.3790234,-0.6990234,0.14097656,0.34097657,-0.53902346,-0.42902344,1.2409766,-0.15902343,-2.4690235,-2.8790236,-0.93902344,-0.87902343,-1.6790234,-0.14902344,1.0609765,-0.34902343,-1.6190234,-1.9990234,-2.4090235,-3.3890235,-4.6590233,-6.3090234,-5.5390234,-5.3090234,-6.3290234,-6.7690234,-6.6090236,-6.8890233,-6.6490235,-5.8590236,-4.8890233,-4.8690233,-5.7790236,-6.2090235,-5.9990234,-5.0590234,-4.0390234,-3.7090235,-3.4790235,-4.0490236,-4.5190234,-3.7190235,-3.3690233,-4.0690236,-3.6790235
2.8309765,5.0909767,4.7009764,2.7909765,3.7909765,4.1209764,3.4209766,1.9609766,-0.36902344,-1.0690235,-0.34902343,-0.24902344,0.26097655,0.77097654,1.0709766,0.89097655,-1.5790235,-0.55902344,-0.21902344,-0.86902344,-1.3290235,-1.4990234,-0.74902344,-0.81902343,-2.0390234,-1.7190235,-0.5790234,-1.7590234,-3.6590235,-5.2890234,-5.2590237,-4.8890233,-6.0490236,-5.5290236,-5.0290236,-5.5190234,-6.7290235,-6.4290233,-6.3590236,-5.8590236,-5.3690233,-5.6990232,-7.1390233,-6.5890236,-5.989023,-4.6190233,-4.3890233,-4.9490232,-4.4190235,-4.4990234,-4.2690234,-4.2290235,-3.7390234,-3.3090234,-3.2690234,-3.0190234,-2.4390235
3.1609766,4.9209766,7.2109766,4.010977,2.8609765,1.3509766,0.7309766,0.50097656,0.18097657,-1.9390235,-0.6990234,1.3709766,-0.12902343,-0.09902344,1.2709765,0.18097657,-1.4590235,-0.5890234,0.31097656,-0.7090234,-0.7590234,-0.40902343,-0.25902343,-2.7690234,-3.9190235,-2.7990234,-2.8290234,-5.2690234,-5.7490234,-5.5290236,-5.1590233,-5.6090236,-5.5990233,-6.0990233,-6.7690234,-6.7290235,-6.6890235,-5.9490232,-5.3390236,-4.3490233,-4.8590236,-6.9390235,-6.1990232,-5.3990235,-3.8690233,-3.7990234,-3.9590235,-4.2890234,-3.9590235,-3.4790235,-4.5390234,-4.6390233,-4.0790234,-3.2190235,-2.1490235,-2.5390234,-2.5090234
4.0009766,5.780977,7.7209764,5.0409765,3.2709765,1.2509766,1.4409766,0.89097655,-0.19902344,-0.71902347,1.5909766,1.6509765,-0.42902344,-0.72902346,-0.14902344,0.45097655,-1.1290234,-1.5090234,-0.5090234,0.70097655,1.0309765,0.25097656,-1.7790234,-5.1090236,-3.4090235,-3.5690234,-6.0890236,-5.6790233,-5.3090234,-5.2890234,-5.3790236,-4.9990234,-4.8690233,-6.5290236,-6.2590237,-6.1090236,-5.6690235,-4.9190235,-4.0890236,-3.8590233,-5.2690234,-5.2790236,-5.1290236,-4.5890236,-3.4490235,-3.9790235,-3.8490233,-5.0790234,-3.8690233,-5.0690236,-5.7290235,-4.2590237,-3.5190234,-2.4290235,-3.3790236,-3.9890234,-2.2190235
3.2709765,5.2409763,4.3809767,3.1709766,1.4009765,1.2809765,0.7409766,0.28097656,1.6509765,2.3609765,2.4609766,1.6109766,-0.12902343,0.6709766,2.0609765,0.12097656,-2.0290234,-2.1790235,-0.90902346,1.3209766,1.6609765,1.4409766,-2.3990235,-4.7090235,-3.2390234,-3.9990234,-4.8390236,-3.8890235,-3.6290236,-4.0490236,-4.3490233,-3.5790234,-3.3390234,-4.469023,-5.5490236,-5.2590237,-3.5290234,-3.6090233,-4.719023,-4.1790233,-3.3790236,-3.5590234,-4.9290233,-3.8390234,-2.9290235,-3.7990234,-4.3190236,-4.2090235,-2.7290235,-3.9990234,-3.9790235,-3.6790235,-3.8890235,-3.1590235,-3.7090235,-3.3990235,-2.5690234
0.81097656,1.6709765,0.58097655,0.15097657,0.47097656,1.4309765,1.7309766,1.3909765,0.9909766,0.87097657,-0.119023435,0.52097654,0.89097655,0.45097655,0.94097656,1.1709765,0.81097656,-1.1890235,-0.79902345,1.1809765,-0.36902344,2.1209764,-0.54902345,-3.6190233,-2.5290234,-3.2390234,-3.2190235,-3.0690234,-3.1190233,-3.3890235,-2.3290234,-2.1190233,-3.2290235,-2.6690235,-1.7490234,-4.1590233,-4.3190236,-3.1690235,-3.4390235,-3.4990234,-3.5190234,-4.1390233,-4.5290236,-2.8290234,-2.3190234,-2.8290234,-2.3990235,-2.8290234,-2.0290234,-2.3390234,-3.7990234,-4.3290234,-3.4290235,-2.8790236,-1.8790234,-2.5990233,-2.6790235
