demo/data/zhenqiwang_gfs.js
{"header": {"discipline":0,"disciplineName":"Meteorologicalproducts","gribEdition":2,"gribLength":84577,"center":7,"centerName":"USNationalWeatherService-NCEP(WMC)","subcenter":0,"refTime":"2019-07-01T00:00:00.000Z","significanceOfRT":1,"significanceOfRTName":"Startofforecast","productStatus":0,"productStatusName":"Operationalproducts","productType":1,"productTypeName":"Forecastproducts","productDefinitionTemplate":0,"productDefinitionTemplateName":"Analysis/forecastathorizontallevel/layeratapointintime","parameterCategory":2,"parameterCategoryName":"Momentum","parameterNumber":2,"parameterNumberName":"U-component_of_wind","parameterUnit":"m.s-1","genProcessType":2,"genProcessTypeName":"Forecast","forecastTime":9,"surface1Type":103,"surface1TypeName":"Specifiedheightlevelaboveground","surface1Value":10.0,"surface2Type":255,"surface2TypeName":"Missing","surface2Value":0.0,"gridDefinitionTemplate":0,"gridDefinitionTemplateName":"Latitude_Longitude","numberPoints":56265,"shape":6,"shapeName":"Earthsphericalwithradiusof6,371,229.0m","gridUnits":"degrees","resolution":48,"winds":"true","scanMode":64,"nx":341,"ny":165,"basicAngle":0,"lo1":62.0,"la1":15.0,"lo2":147.0,"la2":56.0,"dx":0.25,"dy":0.25}, "data":
[rows 0 to 25 of 165, columns 0 to 56 of 341]
9.740976,9.600977,9.770977,10.460977,10.500977,9.940976,10.130977,10.230976,10.260977,10.710977,10.940976,10.870976,10.640977,10.300977,9.870976,9.750977,9.720977,9.680977,9.470977,9.140977,9.050977,9.240976,9.180977,9.480976,9.720977,9.8309765,9.680977,9.620976,9.870976,9.700976,9.480976,8.850977,8.530976,8.370976,8.620976,9.130977,9.420977,9.610976,9.520977,9.410976,9.240976,9.110976,8.640977,8.750977,8.5809765,8.550977,8.480976,7.6809764,6.1609764,3.1609766,3.5809765,4.8909764,6.5909767,8.450976,8.950976,9.170977,8.660976
9.700976,9.680977,9.610976,10.190976,10.410976,9.940976,9.800977,10.160976,10.270977,10.230976,10.600977,10.700976,10.320976,9.940976,9.8309765,9.890977,9.710977,9.5809765,9.390977,9.0809765,9.090977,9.110976,8.980976,9.210977,9.590977,9.710977,9.670977,9.640977,9.940976,10.040977,9.460977,8.620976,8.320976,8.3309765,8.860976,9.350977,9.370976,9.450976,9.400976,9.380977,9.200976,9.140977,9.0809765,8.890977,8.240976,8.010977,7.530977,6.7709765,4.8509765,3.3809767,4.5409765,6.4809766,8.040977,9.460977,9.460977,9.960977,9.450976
9.980976,9.900976,9.860976,10.230976,10.270977,9.970977,9.930977,9.980976,10.110976,10.280976,10.150976,9.940976,9.790977,9.760977,9.720977,9.5809765,9.520977,9.560977,9.340977,9.200976,9.170977,9.000977,8.950976,9.3309765,9.610976,9.720977,9.660976,9.510977,9.920977,9.820976,9.000977,8.470977,8.450976,8.660976,9.000977,9.290977,9.260977,9.250977,9.170977,9.150976,9.240976,9.120976,8.920977,8.670977,7.9409766,7.2109766,6.7509766,6.5409765,4.4609766,3.8009765,6.0609765,7.6709766,8.470977,9.680977,9.370976,10.160976,9.870976
10.240976,10.140977,10.250977,10.460977,10.300977,9.990976,9.940976,10.060977,10.060977,9.930977,10.010977,9.920977,9.660976,9.440976,9.320976,9.240976,9.160976,9.170977,9.110976,9.070976,8.820976,8.710977,8.970977,9.340977,9.440976,9.400976,9.450976,9.540977,9.540977,9.220977,8.900976,8.5809765,8.5809765,8.780976,9.380977,9.760977,9.290977,9.320976,9.170977,9.200976,9.550977,8.910976,8.500977,8.3309765,7.7909765,7.0809765,6.5409765,5.1909766,3.4909766,3.7909765,7.030977,8.790977,9.190976,8.150976,8.030976,8.790977,8.890977
10.060977,9.800977,10.000977,10.350977,10.490976,10.240976,10.060977,10.090977,10.060977,10.030976,9.700976,9.590977,9.720977,9.530976,9.150976,8.990976,8.890977,8.920977,8.880977,8.860976,8.710977,8.860976,8.900976,9.090977,9.160976,9.420977,9.660976,9.440976,9.200976,9.120976,8.990976,8.680977,8.540977,8.840977,9.420977,9.930977,9.690976,9.520977,9.530976,9.450976,9.380977,8.710977,8.800977,8.400976,7.4909763,7.1509767,6.6109767,3.9209766,3.2709765,6.0409765,7.7309766,8.910976,9.260977,9.220977,8.940976,8.620976,8.930977
10.010977,9.790977,9.740976,10.0809765,10.360976,10.410976,10.090977,10.0809765,10.130977,9.800977,9.670977,9.5809765,9.380977,9.210977,8.980976,8.8309765,8.790977,8.8309765,8.780976,8.760977,8.700976,8.690976,8.760977,8.810977,9.110976,9.480976,9.650976,9.280976,9.070976,8.870976,8.750977,8.750977,8.770977,9.130977,9.520977,9.890977,9.840977,9.8309765,9.560977,9.320976,9.060977,8.770977,8.860976,8.280976,7.4409766,7.5809765,6.7109766,4.1009765,4.2309766,6.5709767,8.810977,9.420977,9.450976,9.370976,8.440976,8.570976,8.700976
10.090977,10.040977,9.870976,9.770977,10.110976,10.370976,10.450976,9.980976,9.940976,9.880977,9.510977,9.390977,9.140977,8.810977,8.750977,8.590977,8.560977,8.720977,8.610976,8.610976,8.750977,8.530976,8.500977,8.630977,9.410976,9.540977,9.480976,9.030976,9.020977,8.860976,8.740976,8.630977,8.820976,9.0809765,9.620976,10.050977,10.160976,10.060977,9.350977,9.160976,8.900976,8.850977,8.500977,8.430977,7.9909763,7.3109765,6.9909763,4.6009765,5.5209765,7.7909765,8.890977,9.3309765,8.760977,8.640977,8.650976,8.820976,8.8309765
10.170977,10.100977,10.060977,9.790977,10.060977,10.190976,10.180977,9.840977,9.550977,9.600977,9.620976,9.270977,8.860976,8.610976,8.590977,8.370976,8.360976,8.670977,8.640977,8.540977,8.630977,8.3309765,8.260977,8.870976,9.310977,9.340977,9.320976,9.060977,8.910976,8.750977,8.850977,8.900976,9.010977,9.140977,9.690976,9.990976,10.110976,10.130977,9.430977,9.020977,9.060977,9.160976,9.060977,8.560977,7.4409766,6.510977,5.3409767,4.2509766,5.9009767,7.9109764,9.180977,9.750977,8.980976,8.920977,9.210977,9.110976,9.030976
10.320976,10.200976,10.120976,9.960977,10.020977,10.060977,10.0809765,9.5809765,9.370976,9.350977,9.340977,9.200976,8.600977,8.400976,8.420977,8.260977,8.230976,8.570976,8.770977,8.790977,8.390977,7.9009767,8.010977,8.910976,9.110976,9.050977,9.060977,9.000977,8.800977,8.560977,8.770977,9.210977,9.110976,9.060977,9.530976,9.890977,10.000977,9.920977,9.600977,9.280976,9.550977,9.440976,8.890977,8.040977,6.6509767,5.8509765,4.6009765,4.4709764,6.8409767,7.7709765,9.130977,9.750977,9.200976,9.110976,9.050977,8.510977,7.7009764
10.570976,10.390977,10.410976,10.280976,10.140977,10.060977,10.070976,9.690976,9.260977,9.210977,9.150976,9.0809765,8.560977,8.150976,8.110976,8.090977,8.020977,8.210977,8.430977,8.700976,8.290977,7.8809767,8.050977,8.560977,8.960977,8.810977,8.640977,8.570976,8.550977,8.670977,8.710977,9.160976,9.010977,9.050977,9.410976,9.810977,9.950976,9.910976,9.600977,9.8309765,9.820976,9.250977,8.490976,7.3509765,6.0509768,5.0809765,3.3109765,3.7509766,6.2209764,7.6209764,8.970977,9.670977,9.360976,8.850977,8.060977,7.4809766,6.7309766
10.760977,10.290977,10.370976,10.630977,10.210977,9.920977,10.000977,9.800977,9.470977,9.220977,9.160976,8.990976,8.690976,8.350977,8.060977,7.9409766,7.9509764,8.060977,8.320976,8.720977,8.200976,7.760977,8.0809765,8.380977,8.650976,8.680977,8.750977,8.620976,8.670977,8.890977,8.750977,8.930977,8.990976,9.120976,9.190976,9.540977,9.770977,9.840977,9.810977,10.180977,9.530976,8.750977,7.9909763,6.6409764,4.9709764,3.9909766,2.7909765,3.6509767,6.6209764,7.9909763,9.510977,9.820976,9.280976,8.390977,7.1309767,4.9809766,2.5209765
10.890977,10.480976,10.300977,10.530976,10.480976,10.010977,9.880977,9.770977,9.730976,9.430977,9.190976,9.170977,8.780976,8.600977,8.260977,7.9209766,8.090977,8.150976,8.240976,8.520977,8.240976,7.7709765,8.180977,8.470977,8.530976,8.600977,8.740976,8.480976,8.560977,8.900976,8.880977,8.800977,8.850977,9.100977,9.030976,9.110976,9.490976,9.930977,9.850977,9.610976,8.920977,8.140977,7.4909763,5.8809767,2.8709764,2.6109765,2.4709766,4.8109765,7.0209765,7.5609765,8.220977,7.7009764,6.7009764,5.8409767,3.6309767,1.6009766,1.0109766
10.8309765,10.600977,10.150976,10.000977,10.460977,10.140977,9.900976,9.670977,9.740976,9.570976,9.140977,9.200976,9.060977,8.700976,8.3309765,7.9209766,7.9009767,8.120976,8.310977,8.530976,8.490976,8.290977,8.400976,8.970977,9.050977,8.630977,8.520977,8.600977,8.710977,9.060977,8.870976,8.590977,8.530976,8.920977,9.020977,9.030976,9.440976,9.700976,9.360976,8.8309765,8.470977,8.380977,7.4209766,4.7009764,1.4709766,0.17097656,0.6009766,4.4909763,5.9809766,7.0409765,6.9909763,7.4109764,6.6109767,5.4209766,5.1709766,5.4609766,5.260977
10.680977,10.750977,10.280976,9.880977,9.950976,9.980976,9.730976,9.430977,9.470977,9.720977,9.230976,8.850977,9.100977,9.020977,8.560977,8.250977,8.360976,8.400976,8.370976,8.410976,8.890977,9.120976,8.910976,9.100977,9.370976,8.8309765,8.530976,8.390977,8.430977,8.660976,8.630977,8.260977,8.270977,8.820976,9.230976,9.490976,9.230976,9.000977,8.860976,8.760977,8.870976,8.320976,6.3509765,2.8609765,-0.54902345,-1.4290234,1.1509765,4.8109765,6.7009764,8.610976,9.400976,9.090977,7.0909767,7.2109766,6.2909765,7.2509766,8.130977
10.700976,10.850977,10.260977,9.730976,9.410976,9.510977,9.610976,9.400976,9.220977,9.520977,9.450976,8.910976,8.970977,9.030976,8.780976,8.740976,8.610976,8.690976,8.700976,8.350977,9.040977,9.390977,9.180977,9.120976,9.310977,8.780976,8.390977,8.090977,8.070976,8.500977,8.360976,7.9609766,8.190976,9.020977,9.200976,9.140977,8.750977,8.760977,9.170977,8.970977,8.870976,7.5909767,4.9409766,2.3409765,-0.38902342,-0.9490234,2.6509767,4.5409765,7.0909767,7.8009768,7.1009765,7.0609765,8.670977,8.510977,7.4609766,7.7309766,8.610976
10.790977,10.490976,9.700976,9.160976,9.120976,9.140977,9.370976,9.510977,9.360976,9.320976,9.510977,9.230976,8.790977,8.860976,8.660976,8.940976,8.910976,8.640977,9.130977,9.030976,9.230976,9.310977,9.250977,9.150976,9.370976,8.750977,8.260977,7.8009768,7.8609767,8.380977,8.030976,7.7509766,8.520977,9.210977,8.860976,8.590977,8.430977,8.880977,9.470977,9.290977,8.600977,6.8009768,4.4309764,1.6709765,0.84097654,-0.33902344,3.8009765,5.3409767,7.0709767,7.9709764,6.7509766,7.3809767,8.480976,8.8309765,10.070976,8.930977,7.7309766
10.600977,9.740976,9.350977,9.210977,9.170977,8.990976,9.150976,9.460977,9.5809765,9.390977,9.550977,9.450976,9.110976,9.170977,8.930977,8.750977,8.650976,8.990976,9.390977,9.460977,9.440976,9.090977,9.140977,9.220977,9.200976,8.460977,8.130977,7.7709765,7.6309767,8.070976,7.9709764,7.8609767,8.720977,8.990976,8.860976,8.810977,8.520977,8.920977,8.640977,8.210977,7.0009766,5.3709764,-0.13902344,-0.25902343,1.3309766,-0.80902344,1.4909766,4.4209766,5.7309766,7.6109767,8.520977,6.9509764,7.2409763,8.280976,9.520977,8.230976,5.3309765
9.930977,9.440976,9.490976,9.450976,9.070976,8.890977,8.910976,9.0809765,9.610976,9.740976,9.760977,9.570976,9.160976,9.120976,8.980976,8.410976,8.350977,8.990976,9.390977,9.340977,9.210977,8.960977,8.950976,9.140977,9.050977,8.300977,8.060977,7.6909766,7.5409765,8.070976,8.240976,8.160976,8.760977,8.760977,9.130977,9.210977,8.160976,8.100977,7.8209767,7.6609764,7.3309765,7.1309767,4.3109765,1.7809765,1.8609766,0.69097656,1.5709766,4.6009765,5.4809766,6.3009768,7.5209765,7.4109764,8.370976,8.860976,8.700976,6.1109767,5.4109764
9.280976,9.250977,9.260977,9.260977,8.910976,8.740976,8.660976,8.760977,9.240976,9.680977,9.730976,9.700976,9.170977,8.840977,8.700976,8.210977,8.300977,8.960977,9.290977,9.130977,8.890977,8.710977,8.8309765,8.810977,8.390977,8.110976,7.9709764,7.5809765,7.6109767,8.310977,8.340977,8.280976,8.820976,8.720977,9.030976,9.110976,7.7909765,8.130977,7.510977,7.5709767,7.8809767,7.6709766,6.0509768,3.5509765,2.1809766,2.3709764,3.0209765,3.3509765,4.4309764,5.510977,6.1909766,6.2309766,7.1609764,7.1009765,6.280977,6.5209765,6.7109766
9.140977,9.110976,9.030976,8.780976,8.600977,8.540977,8.700976,8.530976,8.710977,9.000977,9.430977,9.400976,8.940976,8.570976,8.540977,8.300977,8.300977,8.620976,8.5809765,8.790977,8.810977,8.590977,8.460977,8.190976,8.100977,7.8709764,7.7009764,7.3209767,7.7109766,8.340977,8.360976,8.810977,9.290977,8.750977,8.350977,8.430977,8.430977,8.460977,7.2409763,7.530977,8.140977,8.000977,6.6709766,5.0809765,3.5209765,0.42097655,0.96097654,3.5109766,6.8509765,8.140977,6.3209767,6.530977,3.8309765,4.1709766,5.260977,5.7509766,6.4909763
8.400976,9.030976,8.680977,8.590977,8.370976,8.3309765,8.260977,8.070976,8.470977,8.770977,8.880977,8.790977,8.440976,8.190976,8.350977,8.280976,8.200976,8.540977,8.390977,8.200976,8.460977,8.310977,8.150976,8.030976,7.9409766,7.7009764,7.4709764,7.1909766,7.8409767,8.320976,8.230976,9.000977,9.210977,8.470977,8.0809765,8.240976,8.740976,8.570976,7.4209766,7.3609767,7.4009767,7.0609765,6.9909763,6.2909765,1.4209765,-1.2190235,1.1309766,4.780977,6.3209767,6.9909763,7.7709765,8.180977,6.1309767,4.5909767,4.7909765,4.9809766,5.1909766
7.8109765,8.480976,8.620976,8.530976,8.410976,8.270977,7.7409763,7.6909766,8.270977,8.730976,8.670977,8.200976,7.8009768,7.8809767,8.020977,8.090977,7.7909765,8.150976,8.280976,7.9609766,7.9609766,7.8009768,7.6709766,7.780977,7.7209764,7.3109765,7.1909766,7.3609767,7.8509765,8.110976,8.370976,8.780976,8.720977,8.120976,8.110976,8.250977,8.550977,8.290977,7.6809764,7.7509766,7.9909763,7.780977,7.3009768,6.3509765,1.1509765,0.08097656,1.7209766,3.7809765,5.7709765,7.5209765,7.9809766,6.3609767,4.2309766,4.280977,4.8209767,3.9809766,4.0209765
7.7309766,8.030976,8.860976,8.820976,8.410976,8.130977,7.8709764,7.7909765,8.3309765,8.870976,8.690976,7.7909765,7.4409766,7.7009764,7.8609767,7.5809765,7.6309767,7.7009764,7.780977,7.760977,7.7009764,7.5709767,7.4109764,7.4909763,7.2509766,6.9609766,7.3809767,7.8209767,7.7009764,7.7209764,8.210977,8.390977,8.200976,7.7909765,7.8609767,8.310977,8.750977,8.240976,7.6109767,8.020977,8.870976,7.9909763,7.7009764,7.8609767,3.3009765,2.1309767,1.5209765,2.7409766,4.1109767,4.8109765,5.0409765,4.2309766,4.0009766,3.7409766,3.4209766,3.0909765,3.8609765
8.170977,8.450976,9.220977,8.890977,8.230976,7.7509766,7.8809767,7.7009764,7.9809766,8.620976,8.930977,8.160976,7.4409766,7.3509765,7.8409767,7.5009766,7.260977,7.3109765,7.3509765,7.3109765,7.4109764,7.4809766,7.3909764,7.3409767,6.9309764,6.9409766,7.5709767,7.8809767,7.5409765,7.2209764,7.3809767,7.7709765,7.8609767,7.2709765,7.4809766,8.0809765,7.4809766,7.4009767,7.3209767,7.1909766,7.5409765,7.2409763,7.4109764,7.9909763,4.8109765,4.2409763,3.3909767,3.5309765,3.4809766,2.9809766,3.2509766,2.7409766,3.3909767,2.9709766,2.8609765,3.7009766,4.4709764
8.970977,9.150976,9.040977,8.730976,8.280976,8.010977,8.140977,8.000977,8.150976,8.420977,8.390977,8.090977,7.4709764,6.9309764,7.4109764,7.780977,7.1509767,7.0609765,7.1009765,6.9609766,6.9609766,7.5009766,7.5509768,6.9809766,6.8709764,7.1409764,7.3509765,7.4709764,7.3809767,7.1509767,7.0209765,7.510977,7.0009766,7.2909765,7.4509764,6.9609766,5.1609764,4.0009766,3.2609766,4.1609764,5.8609767,6.2909765,6.0009766,6.1109767,5.1109767,4.4609766,4.4109764,4.530977,5.4509764,4.3509765,3.1509767,2.4509766,2.6409767,2.8609765,3.4509766,3.4709766,4.2709765
9.370976,9.270977,8.800977,8.730976,8.480976,8.000977,8.190976,8.200976,8.260977,8.190976,8.100977,7.8309765,7.510977,6.8009768,6.8909764,7.6009765,7.2909765,6.8609767,6.7109766,6.6509767,6.6609764,7.3209767,7.4709764,6.8409767,6.8209767,6.9009767,6.6009765,6.9509764,7.3909764,7.1309767,7.280977,7.1409764,7.2709765,7.280977,7.1309767,6.6709766,6.1109767,2.9509766,2.8009765,3.6609766,4.4009767,3.8709764,3.6109765,4.4409766,4.3309765,3.0009766,3.5209765,5.3809767,6.4309764,6.3209767,5.3709764,3.7409766,1.9409766,2.6109765,2.6509767,3.3809767,4.6309767
